%YAML:1.0
---
image_width: 640
image_height: 480
camera_matrix: !!opencv-matrix
   rows: 3
   cols: 3
   dt: f
   data: [ 870.30908, 0, 339.49829, 0, 880.29944, 238.56967, 0., 0., 1. ]
distortion_coefficients: !!opencv-matrix
   rows: 1
   cols: 5
   dt: f
   data: [-0.10768418, 2.6754797, 0.0061576613, 0.0074117547, -10.368263]
