%YAML:1.0
---
image_width:640
image_height:480
camera_matrix: !!opencv-matrix
 rows: 3
 cols: 3
 dt: f
 data: [926.695, 0, 352.455, 0, 930.518, 257.372, 0, 0, 1 ]
distortion_coefficients: !!opencv-matrix
 rows: 1
 cols: 5
 dt: f
 data: [0.0386657, 0.988983, 0.00392611, 0.00136582, -3.82053 ]
