%YAML:1.0
---
image_width: 1280
image_height: 720
camera_matrix: !!opencv-matrix
   rows: 3
   cols: 3
   dt: f
   data: [ 1.23931946e+03, 0., 6.35138916e+02, 0., 1.23830664e+03,
       3.59613892e+02, 0., 0., 1. ]
distortion_coefficients: !!opencv-matrix
   rows: 1
   cols: 5
   dt: f
   data: [ 2.74591833e-01, -1.70939577e+00, 3.80772538e-03,
       -2.13847868e-03, 3.35158300e+00 ]
