%YAML:1.0
---
aruco_bc_dict: "m.dict_info"
aruco_bc_nmarkers: 255
aruco_bc_mInfoType: 1
aruco_bc_markers:
   - { id:329, corners:[ [ 7.9850683212280273e+00,
       6.2321090698242188e-01, 2.2067861557006836e+01 ], [
       7.7958035469055176e+00, -2.2183358669281006e-01,
       2.2567941665649414e+01 ], [ 7.7512216567993164e+00,
       2.9431962966918945e-01, 2.3423276901245117e+01 ], [
       7.9404864311218262e+00, 1.1393641233444214e+00,
       2.2923196792602539e+01 ] ] }
   - { id:330, corners:[ [ 7.7677545547485352e+00,
       -4.2174655199050903e-01, 2.2690174102783203e+01 ], [
       7.5537557601928711e+00, -1.2638399600982666e+00,
       2.3185232162475586e+01 ], [ 7.4549198150634766e+00,
       -7.4097603559494019e-01, 2.4031898498535156e+01 ], [
       7.6689186096191406e+00, 1.0111743211746216e-01,
       2.3536840438842773e+01 ] ] }
   - { id:331, corners:[ [ 7.4871540069580078e+00,
       -1.4858533143997192e+00, 2.3300270080566406e+01 ], [
       7.2936463356018066e+00, -2.3271532058715820e+00,
       2.3805017471313477e+01 ], [ 7.2224330902099609e+00,
       -1.8019953966140747e+00, 2.4653038024902344e+01 ], [
       7.4159407615661621e+00, -9.6069538593292236e-01,
       2.4148290634155273e+01 ] ] }
   - { id:332, corners:[ [ 7.2453031539916992e+00,
       -2.5293402671813965e+00, 2.3924003601074219e+01 ], [
       7.0370182991027832e+00, -3.3699295520782471e+00,
       2.4424032211303711e+01 ], [ 6.9675598144531250e+00,
       -2.8472685813903809e+00, 2.5273738861083984e+01 ], [
       7.1758446693420410e+00, -2.0066792964935303e+00,
       2.4773710250854492e+01 ] ] }
   - { id:333, corners:[ [ 7.0178689956665039e+00,
       -3.5805654525756836e+00, 2.4550342559814453e+01 ], [
       6.7763614654541016e+00, -4.4225459098815918e+00,
       2.5032775878906250e+01 ], [ 6.6896038055419922e+00,
       -3.9086518287658691e+00, 2.5886230468750000e+01 ], [
       6.9311113357543945e+00, -3.0666713714599609e+00,
       2.5403797149658203e+01 ] ] }
   - { id:334, corners:[ [ 6.6099677085876465e+00,
       -4.4949855804443359e+00, 2.5060317993164062e+01 ], [
       5.6354489326477051e+00, -4.3889136314392090e+00,
       2.4862676620483398e+01 ], [ 5.5234427452087402e+00,
       -3.8556249141693115e+00, 2.5701160430908203e+01 ], [
       6.4979615211486816e+00, -3.9616968631744385e+00,
       2.5898801803588867e+01 ] ] }
   - { id:335, corners:[ [ 5.3963718414306641e+00,
       -4.3527011871337891e+00, 2.4803136825561523e+01 ], [
       4.4245443344116211e+00, -4.2399587631225586e+00,
       2.4596158981323242e+01 ], [ 4.3073339462280273e+00,
       -3.7092542648315430e+00, 2.5435571670532227e+01 ], [
       5.2791614532470703e+00, -3.8219966888427734e+00,
       2.5642549514770508e+01 ] ] }
   - { id:336, corners:[ [ 4.1854672431945801e+00,
       -4.2058930397033691e+00, 2.4541233062744141e+01 ], [
       3.2127208709716797e+00, -4.0967340469360352e+00,
       2.4336664199829102e+01 ], [ 3.0949122905731201e+00,
       -3.5695109367370605e+00, 2.5178184509277344e+01 ], [
       4.0676589012145996e+00, -3.6786701679229736e+00,
       2.5382753372192383e+01 ] ] }
   - { id:337, corners:[ [ 2.9741051197052002e+00,
       -4.0712151527404785e+00, 2.4284795761108398e+01 ], [
       2.0038499832153320e+00, -3.9559631347656250e+00,
       2.4071907043457031e+01 ], [ 1.8822491168975830e+00,
       -3.4275813102722168e+00, 2.4912160873413086e+01 ], [
       2.8525042533874512e+00, -3.5428333282470703e+00,
       2.5125049591064453e+01 ] ] }
   - { id:338, corners:[ [ 1.7627208232879639e+00,
       -3.9289927482604980e+00, 2.4015785217285156e+01 ], [
       7.9106974601745605e-01, -3.8176841735839844e+00,
       2.3807207107543945e+01 ], [ 6.7085748910903931e-01,
       -3.2906146049499512e+00, 2.4648483276367188e+01 ], [
       1.6425085067749023e+00, -3.4019231796264648e+00,
       2.4857061386108398e+01 ] ] }
   - { id:339, corners:[ [ 5.5502641201019287e-01,
       -3.7861576080322266e+00, 2.3751218795776367e+01 ], [
       -4.1771489381790161e-01, -3.6817853450775146e+00,
       2.3544141769409180e+01 ], [ -5.3967070579528809e-01,
       -3.1525235176086426e+00, 2.4383790969848633e+01 ], [
       4.3307060003280640e-01, -3.2568957805633545e+00,
       2.4590867996215820e+01 ] ] }
   - { id:340, corners:[ [ -6.5161615610122681e-01,
       -3.6518037319183350e+00, 2.3484088897705078e+01 ], [
       -1.6227908134460449e+00, -3.5406799316406250e+00,
       2.3273206710815430e+01 ], [ -1.7446713447570801e+00,
       -3.0118753910064697e+00, 2.4113155364990234e+01 ], [
       -7.7349668741226196e-01, -3.1229991912841797e+00,
       2.4324037551879883e+01 ] ] }
   - { id:341, corners:[ [ -1.8592611551284790e+00,
       -3.5142879486083984e+00, 2.3216363906860352e+01 ], [
       -2.8300426006317139e+00, -3.4023065567016602e+00,
       2.3004129409790039e+01 ], [ -2.9534716606140137e+00,
       -2.8768539428710938e+00, 2.3845952987670898e+01 ], [
       -1.9826899766921997e+00, -2.9888353347778320e+00,
       2.4058187484741211e+01 ] ] }
   - { id:342, corners:[ [ -3.0675933361053467e+00,
       -3.3782103061676025e+00, 2.2947347640991211e+01 ], [
       -4.0383138656616211e+00, -3.2693796157836914e+00,
       2.2733201980590820e+01 ], [ -4.1648244857788086e+00,
       -2.7431786060333252e+00, 2.3574098587036133e+01 ], [
       -3.1941044330596924e+00, -2.8520092964172363e+00,
       2.3788244247436523e+01 ] ] }
   - { id:343, corners:[ [ -4.2782545089721680e+00,
       -3.2490055561065674e+00, 2.2678119659423828e+01 ], [
       -5.2490453720092773e+00, -3.1392376422882080e+00,
       2.2464773178100586e+01 ], [ -5.3734722137451172e+00,
       -2.6092860698699951e+00, 2.3303623199462891e+01 ], [
       -4.4026813507080078e+00, -2.7190539836883545e+00,
       2.3516969680786133e+01 ] ] }
   - { id:344, corners:[ [ -5.4815211296081543e+00,
       -3.1119825839996338e+00, 2.2403162002563477e+01 ], [
       -6.4529509544372559e+00, -3.0095317363739014e+00,
       2.2189086914062500e+01 ], [ -6.5828175544738770e+00,
       -2.4840099811553955e+00, 2.3029897689819336e+01 ], [
       -5.6113877296447754e+00, -2.5864608287811279e+00,
       2.3243972778320312e+01 ] ] }
   - { id:345, corners:[ [ -6.6915454864501953e+00,
       -2.9823527336120605e+00, 2.2134359359741211e+01 ], [
       -7.6632351875305176e+00, -2.8795909881591797e+00,
       2.1921615600585938e+01 ], [ -7.7899389266967773e+00,
       -2.3462266921997070e+00, 2.2757959365844727e+01 ], [
       -6.8182492256164551e+00, -2.4489884376525879e+00,
       2.2970703125000000e+01 ] ] }
   - { id:346, corners:[ [ -7.9036593437194824e+00,
       -2.8544995784759521e+00, 2.1869815826416016e+01 ], [
       -8.8747615814208984e+00, -2.7471704483032227e+00,
       2.1656648635864258e+01 ], [ -8.9984140396118164e+00,
       -2.2094838619232178e+00, 2.2490676879882812e+01 ], [
       -8.0273113250732422e+00, -2.3168129920959473e+00,
       2.2703844070434570e+01 ] ] }
   - { id:347, corners:[ [ -9.1049804687500000e+00,
       -2.7264146804809570e+00, 2.1601877212524414e+01 ], [
       -1.0075011253356934e+01, -2.6211051940917969e+00,
       2.1382902145385742e+01 ], [ -1.0205160140991211e+01,
       -2.0852780342102051e+00, 2.2217138290405273e+01 ], [
       -9.2351293563842773e+00, -2.1905875205993652e+00,
       2.2436113357543945e+01 ] ] }
   - { id:348, corners:[ [ -1.0311184883117676e+01,
       -2.5893573760986328e+00, 2.1336076736450195e+01 ], [
       -1.1281962394714355e+01, -2.4858291149139404e+00,
       2.1119577407836914e+01 ], [ -1.1411883354187012e+01,
       -1.9540462493896484e+00, 2.1956434249877930e+01 ], [
       -1.0441105842590332e+01, -2.0575745105743408e+00,
       2.2172933578491211e+01 ] ] }
   - { id:349, corners:[ [ -1.1516326904296875e+01,
       -2.4650166034698486e+00, 2.1068038940429688e+01 ], [
       -1.2486352920532227e+01, -2.3598201274871826e+00,
       2.0848985671997070e+01 ], [ -1.2615701675415039e+01,
       -1.8202183246612549e+00, 2.1680912017822266e+01 ], [
