%YAML:1.0
---
aruco_bc_dict: "m.dict_info"
aruco_bc_nmarkers: 17
aruco_bc_mInfoType: 1
aruco_bc_markers:
   - { id:1, corners:[ [ -5.7053542137145996e+00, 6.4353566169738770e+00,
       1.4695543289184570e+01 ], [ -6.0453729629516602e+00,
       6.2813906669616699e+00, 1.5623272895812988e+01 ], [
       -6.0348048210144043e+00, 5.2943205833435059e+00,
       1.5463333129882812e+01 ], [ -5.6947860717773438e+00,
       5.4482865333557129e+00, 1.4535603523254395e+01 ] ] }
   - { id:2, corners:[ [ -5.6751456260681152e+00, 4.8305401802062988e+00,
       1.4434717178344727e+01 ], [ -6.0358371734619141e+00,
       4.6674509048461914e+00, 1.5353033065795898e+01 ], [
       -6.0503849983215332e+00, 3.6839613914489746e+00,
       1.5172655105590820e+01 ], [ -5.6896934509277344e+00,
       3.8470504283905029e+00, 1.4254339218139648e+01 ] ] }
   - { id:3, corners:[ [ -4.8850479125976562e+00, 1.8933995962142944e+00,
       1.5850041389465332e+01 ], [ -4.9237370491027832e+00,
       2.8785898685455322e+00, 1.6017084121704102e+01 ], [
       -3.9962244033813477e+00, 2.8517990112304688e+00,
       1.6389913558959961e+01 ], [ -3.9575352668762207e+00,
       1.8666088581085205e+00, 1.6222871780395508e+01 ] ] }
   - { id:4, corners:[ [ -3.3676693439483643e+00, 1.8511179685592651e+00,
       1.6456050872802734e+01 ], [ -3.3995006084442139e+00,
       2.8366501331329346e+00, 1.6622524261474609e+01 ], [
       -2.4697730541229248e+00, 2.8047103881835938e+00,
       1.6989383697509766e+01 ], [ -2.4379417896270752e+00,
       1.8191783428192139e+00, 1.6822910308837891e+01 ] ] }
   - { id:5, corners:[ [ -1.8415688276290894e+00, 1.8079552650451660e+00,
       1.7046222686767578e+01 ], [ -1.8797285556793213e+00,
       2.7919816970825195e+00, 1.7220106124877930e+01 ], [
       -9.4572985172271729e-01, 2.7652454376220703e+00,
       1.7576381683349609e+01 ], [ -9.0757012367248535e-01,
       1.7812188863754272e+00, 1.7402498245239258e+01 ] ] }
   - { id:6, corners:[ [ -5.6636753082275391e+00, 2.8164610862731934e+00,
       1.4068121910095215e+01 ], [ -6.0306525230407715e+00,
       2.6405572891235352e+00, 1.4981569290161133e+01 ], [
       -5.9929008483886719e+00, 1.6565915346145630e+00,
       1.4807251930236816e+01 ], [ -5.6259236335754395e+00,
       1.8324953317642212e+00, 1.3893804550170898e+01 ] ] }
   - { id:7, corners:[ [ -5.4434819221496582e+00, 1.3610265254974365e+00,
       1.3880002975463867e+01 ], [ -5.8214144706726074e+00,
       1.1675171852111816e+00, 1.4785387992858887e+01 ], [
       -4.8966059684753418e+00, 1.1346023082733154e+00,
       1.5164394378662109e+01 ], [ -4.5186734199523926e+00,
       1.3281116485595703e+00, 1.4259009361267090e+01 ] ] }
   - { id:8, corners:[ [ -3.9288687705993652e+00, 1.3099589347839355e+00,
       1.4497401237487793e+01 ], [ -4.2981891632080078e+00,
       1.1197961568832397e+00, 1.5407039642333984e+01 ], [
       -3.3701453208923340e+00, 1.0952491760253906e+00,
       1.5778700828552246e+01 ], [ -3.0008251667022705e+00,
       1.2854119539260864e+00, 1.4869062423706055e+01 ] ] }
   - { id:9, corners:[ [ -2.4111273288726807e+00, 1.2721124887466431e+00,
       1.5107509613037109e+01 ], [ -2.7779788970947266e+00,
       1.0788667201995850e+00, 1.6017496109008789e+01 ], [
       -1.8488070964813232e+00, 1.0504721403121948e+00,
       1.6386053085327148e+01 ], [ -1.4819555282592773e+00,
       1.2437179088592529e+00, 1.5476065635681152e+01 ] ] }
   - { id:10, corners:[ [ -8.8573414087295532e-01,
       1.2291306257247925e+00, 1.5716505050659180e+01 ], [
       -1.2556602954864502e+00, 1.0328341722488403e+00,
       1.6624591827392578e+01 ], [ -3.2813829183578491e-01,
       1.0110441446304321e+00, 1.6997724533081055e+01 ], [
       4.1787803173065186e-02, 1.2073405981063843e+00,
       1.6089637756347656e+01 ] ] }
   - { id:16, corners:[ [ 8.8853126764297485e-01, 1.6834150552749634e+00,
       1.6529899597167969e+01 ], [ 5.0068694353103638e-01,
       1.5282291173934937e+00, 1.7438467025756836e+01 ], [
       5.0983959436416626e-01, 2.5132570266723633e+00,
       1.7610618591308594e+01 ], [ 8.9768391847610474e-01,
       2.6684427261352539e+00, 1.6702051162719727e+01 ] ] }
   - { id:17, corners:[ [ 8.7851643562316895e-01, 3.2725675106048584e+00,
       1.6832393646240234e+01 ], [ 5.0443732738494873e-01,
       3.1010699272155762e+00, 1.7743795394897461e+01 ], [
       4.8572230339050293e-01, 4.0850186347961426e+00,
       1.7921260833740234e+01 ], [ 8.5980141162872314e-01,
       4.2565159797668457e+00, 1.7009859085083008e+01 ] ] }
   - { id:21, corners:[ [ -4.2484774589538574e+00,
       2.8896679878234863e+00, 1.4179441452026367e+01 ], [
       -4.2324428558349609e+00, 1.8985298871994019e+00,
       1.4047576904296875e+01 ], [ -3.3002588748931885e+00,
       1.8656501770019531e+00, 1.4408065795898438e+01 ], [
       -3.3162939548492432e+00, 2.8567881584167480e+00,
       1.4539930343627930e+01 ] ] }
   - { id:22, corners:[ [ -2.7219679355621338e+00,
       2.8287417888641357e+00, 1.4770530700683594e+01 ], [
       -2.6985368728637695e+00, 1.8395907878875732e+00,
       1.4625509262084961e+01 ], [ -1.7730371952056885e+00,
       1.8062012195587158e+00, 1.5002782821655273e+01 ], [
       -1.7964682579040527e+00, 2.7953522205352783e+00,
       1.5147804260253906e+01 ] ] }
   - { id:23, corners:[ [ -4.5889410972595215e+00,
       6.2326254844665527e+00, 1.4573838233947754e+01 ], [
       -4.5542373657226562e+00, 5.2397460937500000e+00,
       1.4459881782531738e+01 ], [ -3.6215455532073975e+00,
       5.2309622764587402e+00, 1.4820448875427246e+01 ], [
       -3.6562490463256836e+00, 6.2238416671752930e+00,
       1.4934405326843262e+01 ] ] }
   - { id:24, corners:[ [ -3.0419685840606689e+00,
       6.2075471878051758e+00, 1.5186439514160156e+01 ], [
       -3.0120670795440674e+00, 5.2154874801635742e+00,
       1.5064274787902832e+01 ], [ -2.0808012485504150e+00,
       5.1987380981445312e+00, 1.5428230285644531e+01 ], [
       -2.1107027530670166e+00, 6.1907978057861328e+00,
       1.5550395011901855e+01 ] ] }
   - { id:25, corners:[ [ -1.5034856796264648e+00,
       6.1681981086730957e+00, 1.5772104263305664e+01 ], [
       -1.4736013412475586e+00, 5.1760182380676270e+00,
       1.5650916099548340e+01 ], [ -5.4672008752822876e-01,
       5.1581406593322754e+00, 1.6025844573974609e+01 ], [
       -5.7660430669784546e-01, 6.1503205299377441e+00,
       1.6147033691406250e+01 ] ] }
