%YAML:1.0
---
image_width: 1280
image_height: 720
camera_matrix: !!opencv-matrix
   rows: 3
   cols: 3
   dt: d
   data: [ 5.5575897696608558e+02, 0., 6.5471963132460928e+02, 0.,
       5.5601803119566534e+02, 3.9751792528470878e+02, 0., 0., 1. ]
distortion_coefficients: !!opencv-matrix
   rows: 1
   cols: 5
   dt: d
   data: [ -2.3962148203840949e-01, 6.6780202542637654e-02,
       -4.3148744561879979e-05, -3.3502789730129121e-04,
       -8.5143795719564517e-03 ]
