%YAML:1.0
---
image_width: 1280
image_height: 720
camera_matrix: !!opencv-matrix
  rows: 3
  cols: 3
  dt: f
  data: [ 5.6161605889423720e+02, 0., 6.3828494655717407e+02, 0.,
          5.6109422871752133e+02, 3.4383840815144680e+02, 0., 0., 1. ]
distortion_coefficients: !!opencv-matrix
  rows: 1
  cols: 5
  dt: f
  data: [ -2.6310666972582086e-01, 9.7623418007805315e-02,
          1.6337588281894577e-04, 4.3592283086431403e-04,
          -1.9226626985270331e-02 ]